DOY;Temp(2.5m) [°C];Temp(7.5m) [°C];Turb(2.5m) [NTU];Turb(7.5m) [NTU]
1;0.23;2.79;NaN;NaN
2;0.24;2.88;NaN;NaN
3;0.24;3.02;NaN;NaN
4;0.23;3.16;NaN;NaN
5;0.22;3.20;NaN;NaN
6;0.21;3.20;NaN;NaN
7;0.17;3.19;NaN;NaN
8;0.12;3.18;NaN;NaN
9;0.08;3.08;NaN;NaN
10;0.07;3.22;NaN;NaN
11;0.07;3.29;NaN;NaN
12;0.07;3.20;NaN;NaN
13;0.07;3.12;NaN;NaN
14;0.08;3.11;NaN;NaN
15;0.10;3.09;NaN;NaN
16;0.11;2.99;NaN;NaN
17;0.13;2.86;NaN;NaN
18;0.16;2.78;NaN;NaN
19;0.19;2.70;NaN;NaN
20;0.21;2.63;NaN;NaN
21;0.23;2.77;NaN;NaN
22;0.22;2.98;NaN;NaN
23;0.22;3.05;NaN;NaN
24;0.22;3.12;NaN;NaN
25;0.22;3.16;NaN;NaN
26;0.23;3.14;NaN;NaN
27;0.24;3.11;NaN;NaN
28;0.25;3.08;NaN;NaN
29;0.23;3.10;NaN;NaN
30;0.22;3.18;NaN;NaN
31;0.20;3.24;NaN;NaN
32;0.18;3.08;NaN;NaN
33;0.17;2.92;NaN;NaN
34;0.16;2.90;NaN;NaN
35;0.14;3.15;NaN;NaN
36;0.14;3.14;NaN;NaN
37;0.14;2.83;NaN;NaN
38;0.15;2.64;NaN;NaN
39;0.15;2.64;NaN;NaN
40;0.15;2.68;NaN;NaN
41;0.15;2.73;NaN;NaN
42;0.15;2.77;NaN;NaN
43;0.15;2.77;NaN;NaN
44;0.12;2.77;NaN;NaN
45;0.10;2.78;NaN;NaN
46;0.08;2.78;NaN;NaN
47;0.07;2.80;NaN;NaN
48;0.08;2.81;NaN;NaN
49;0.09;2.83;NaN;NaN
50;0.10;2.82;NaN;NaN
51;0.11;2.79;NaN;NaN
52;0.12;2.75;NaN;NaN
53;0.12;2.76;NaN;NaN
54;0.13;2.88;NaN;NaN
55;0.13;2.99;NaN;NaN
56;0.13;3.08;NaN;NaN
57;0.13;3.13;NaN;NaN
58;0.12;3.17;NaN;NaN
59;0.12;3.15;NaN;NaN
60;0.11;3.03;NaN;NaN
61;0.10;2.93;NaN;NaN
62;0.12;2.85;NaN;NaN
63;0.14;2.77;NaN;NaN
64;0.16;2.88;NaN;NaN
65;0.19;2.99;NaN;NaN
66;0.21;3.10;NaN;NaN
67;0.23;2.94;NaN;NaN
68;0.25;2.94;NaN;NaN
69;0.26;2.95;NaN;NaN
70;0.28;2.95;NaN;NaN
71;0.29;2.92;NaN;NaN
72;0.30;2.85;NaN;NaN
73;0.28;2.79;NaN;NaN
74;0.26;2.71;NaN;NaN
75;0.24;2.64;NaN;NaN
76;0.22;2.65;NaN;NaN
77;0.23;2.66;NaN;NaN
78;0.24;2.67;NaN;NaN
79;0.25;2.66;NaN;NaN
80;0.26;2.62;NaN;NaN
81;0.28;2.59;NaN;NaN
82;0.29;2.55;NaN;NaN
83;0.31;2.52;NaN;NaN
84;0.32;2.48;NaN;NaN
85;0.33;2.45;NaN;NaN
86;0.34;2.42;NaN;NaN
87;0.35;2.40;NaN;NaN
88;0.36;2.39;NaN;NaN
89;0.37;2.37;NaN;NaN
90;0.38;2.40;NaN;NaN
91;0.40;2.49;NaN;NaN
92;0.42;2.58;NaN;NaN
93;0.44;2.66;NaN;NaN
94;0.46;2.66;NaN;NaN
95;0.50;2.62;NaN;NaN
96;0.55;2.59;NaN;NaN
97;0.60;2.56;NaN;NaN
98;0.66;2.56;NaN;NaN
99;0.73;2.55;NaN;NaN
100;0.80;2.55;NaN;NaN
101;0.87;2.40;NaN;NaN
102;0.95;2.26;NaN;NaN
103;1.06;2.18;NaN;NaN
104;1.17;2.10;NaN;NaN
105;1.83;1.73;NaN;NaN
106;2.74;2.53;NaN;NaN
107;3.39;1.55;NaN;NaN
108;2.62;2.07;NaN;NaN
109;1.51;1.78;NaN;NaN
110;2.95;1.79;NaN;NaN
111;3.77;1.85;NaN;NaN
112;3.69;2.15;NaN;NaN
113;3.70;3.17;NaN;NaN
114;3.72;3.17;NaN;NaN
115;3.75;3.17;NaN;NaN
116;4.17;3.45;NaN;NaN
117;4.53;3.57;NaN;NaN
118;4.59;3.69;NaN;NaN
119;4.70;4.22;NaN;NaN
120;5.10;3.96;NaN;NaN
121;5.49;4.85;NaN;NaN
122;5.69;5.29;NaN;NaN
123;5.90;5.56;NaN;NaN
124;6.86;5.70;NaN;NaN
125;7.76;5.71;NaN;NaN
126;7.48;5.73;NaN;NaN
127;7.20;5.74;NaN;NaN
128;6.91;5.75;NaN;NaN
129;6.63;5.76;NaN;NaN
130;6.35;5.78;NaN;NaN
131;6.07;5.79;NaN;206.86
132;8.67;5.80;195.83;213.28
133;10.40;5.86;199.98;217.77
134;8.90;6.04;201.63;220.43
135;7.37;6.21;200.94;223.65
136;8.39;8.61;208.13;231.72
137;9.90;7.49;215.31;241.88
138;9.54;6.97;217.21;251.66
139;8.87;6.99;217.32;252.97
140;9.53;7.01;209.98;250.11
141;11.09;7.76;202.85;247.42
142;14.27;9.29;197.68;254.67
143;12.25;8.11;195.02;257.59
144;10.98;7.68;198.83;261.38
145;11.56;7.85;200.02;267.01
146;16.41;7.88;191.35;258.35
147;14.36;8.53;194.94;269.30
148;14.37;10.27;193.66;269.50
149;14.37;8.06;192.37;318.65
150;13.34;8.20;194.71;311.27
151;12.42;8.24;197.06;294.99
152;12.23;10.29;198.26;307.53
153;12.04;9.77;199.35;346.87
154;12.41;8.99;197.39;320.37
155;12.93;9.00;195.90;302.51
156;13.74;9.16;195.54;306.97
157;14.73;9.04;195.18;308.81
158;14.97;10.31;194.82;321.56
159;15.34;9.14;193.54;345.94
160;16.48;10.77;186.72;366.76
161;17.53;10.67;183.58;353.04
162;16.34;10.10;180.82;344.31
163;17.03;9.50;180.81;348.46
164;16.44;13.31;181.36;311.18
165;16.43;12.60;181.33;286.95
166;16.41;11.51;181.95;304.99
167;16.05;14.07;179.44;326.10
168;15.87;13.22;176.93;307.15
169;15.53;12.84;174.67;315.77
170;15.89;14.29;172.58;292.56
171;16.41;11.49;170.03;319.37
172;17.51;11.15;167.45;290.30
173;16.35;11.09;164.12;284.64
174;17.98;13.83;159.71;269.01
175;17.03;13.25;154.98;309.10
176;16.84;11.91;154.81;293.93
177;18.51;12.15;149.52;297.39
178;19.26;11.49;150.53;301.31
179;18.14;12.64;134.76;301.77
180;20.01;12.31;125.04;292.68
181;21.04;13.04;123.19;281.63
182;21.26;12.88;117.98;269.70
183;17.81;11.46;118.08;266.71
184;21.17;12.28;118.18;257.26
185;19.56;14.05;115.61;263.74
186;18.61;12.46;110.91;294.44
187;18.81;14.67;109.68;268.79
188;18.42;12.53;111.05;253.10
189;18.07;12.98;112.41;240.58
190;18.18;13.24;108.97;241.52
191;17.61;16.17;105.58;272.98
192;17.70;15.55;101.79;261.87
193;18.28;12.89;96.26;242.28
194;18.45;14.11;94.18;244.51
195;20.09;14.63;87.44;234.87
196;20.64;14.48;85.15;211.61
197;20.66;13.16;80.77;226.02
198;19.60;16.92;78.91;181.56
199;19.82;14.38;77.30;220.97
200;19.41;14.68;75.42;204.07
201;18.98;13.64;73.19;194.51
202;19.75;14.36;70.33;181.14
203;19.21;13.72;66.21;174.76
204;19.40;13.91;62.83;171.23
205;19.04;14.02;60.32;167.70
206;19.01;14.83;58.39;165.87
207;19.61;14.78;55.92;172.29
208;19.77;15.22;52.72;201.48
209;20.63;16.63;51.10;168.85
210;20.93;14.58;49.49;180.34
211;19.52;15.58;48.02;144.37
212;20.19;14.76;46.82;155.25
213;20.20;14.22;45.62;172.97
214;20.17;16.34;44.43;165.28
215;20.64;15.95;43.23;168.66
216;20.61;15.42;42.02;122.16
217;20.59;14.64;40.69;93.16
218;20.57;14.93;39.35;77.74
219;20.55;15.18;38.02;80.36
220;20.53;14.15;36.68;84.93
221;20.55;15.20;36.54;72.82
222;21.07;16.13;36.69;71.75
223;20.62;14.29;36.84;86.01
224;20.13;14.78;37.03;89.49
225;19.67;16.06;37.63;86.46
226;19.48;17.90;38.23;79.50
227;19.39;14.86;38.83;66.33
228;19.38;17.57;39.22;55.19
229;19.59;16.50;39.32;58.90
230;19.21;16.31;39.42;62.48
231;18.86;15.55;39.53;66.07
232;18.16;16.22;40.35;59.64
233;17.84;17.17;41.17;46.93
234;17.51;16.86;41.99;45.10
235;17.19;16.90;41.98;44.48
236;16.98;16.80;41.49;44.59
237;17.30;16.64;40.99;44.70
238;17.87;16.54;40.49;44.81
239;17.39;16.01;40.74;48.90
240;16.90;16.33;41.30;46.81
241;17.23;16.50;41.86;65.42
242;18.88;16.66;43.18;90.34
243;18.12;16.37;49.06;101.22
244;17.07;16.41;57.33;76.93
245;16.82;16.44;60.27;65.21
246;16.58;16.38;58.79;61.53
247;16.28;15.83;58.60;62.01
248;16.04;15.68;58.41;62.48
249;15.80;15.52;58.21;62.29
250;15.59;15.20;58.02;61.28
251;15.44;15.04;58.05;60.28
252;15.29;14.95;60.37;64.51
253;15.16;14.86;62.69;67.18
254;15.03;14.77;65.07;71.86
255;14.93;14.67;67.66;75.59
256;14.84;14.57;70.25;78.47
257;14.76;14.44;72.58;81.53
258;14.67;14.32;73.12;80.85
259;14.48;14.03;73.66;79.35
260;14.24;13.87;76.38;81.85
261;13.99;13.73;84.21;85.06
262;13.80;13.60;86.06;92.23
263;13.65;13.46;101.36;106.77
264;13.51;13.23;105.14;112.14
265;13.36;12.94;108.25;116.14
266;13.16;12.72;111.35;117.77
267;12.95;12.56;113.05;115.30
268;12.68;12.41;114.55;117.40
269;12.39;12.25;116.18;120.27
270;12.02;11.80;118.83;131.31
271;11.62;11.46;121.48;137.78
272;11.53;11.37;124.13;135.45
273;11.44;11.27;127.40;134.42
274;11.37;11.18;131.39;142.19
275;11.54;11.20;133.22;159.27
276;11.23;11.10;136.90;142.81
277;10.61;10.73;140.21;145.44
278;10.46;10.41;142.95;148.06
279;10.30;10.12;143.37;150.69
280;10.15;9.91;141.95;149.91
281;10.00;9.82;140.53;149.69
282;9.88;9.73;143.18;156.90
283;9.73;9.64;146.97;164.57
284;9.57;9.58;165.99;173.21
285;9.41;9.52;172.95;179.75
286;9.25;9.33;177.99;189.37
287;9.09;9.12;184.85;193.02
288;8.98;8.93;187.94;195.89
289;8.89;8.83;190.76;199.57
290;8.80;8.73;193.72;204.06
291;8.71;8.64;196.83;207.40
292;8.62;8.56;198.76;214.00
293;8.52;8.49;203.49;218.18
294;8.42;8.42;206.22;222.32
295;8.32;8.34;210.59;222.06
296;8.22;8.23;214.97;221.81
297;8.12;8.11;209.61;221.33
298;8.02;7.94;208.40;217.57
299;7.92;7.64;211.38;220.07
300;7.61;7.47;217.84;227.08
301;7.28;6.96;225.25;236.66
302;6.99;6.68;228.37;246.30
303;6.73;6.50;230.86;241.98
304;6.48;6.33;233.39;240.50
305;6.21;6.16;237.30;251.80
306;5.85;5.78;245.75;257.69
307;5.50;5.56;245.46;254.37
308;5.24;5.30;244.89;253.15
309;5.03;5.07;244.32;251.92
310;4.82;4.70;243.68;250.69
311;4.62;4.44;241.37;252.90
312;4.41;4.19;245.86;255.43
313;4.05;3.91;253.99;260.34
314;3.69;3.64;245.92;269.17
315;3.41;3.39;251.19;270.06
316;3.17;3.27;265.46;281.68
317;2.91;2.93;275.95;289.54
318;2.60;2.79;282.28;296.91
319;2.29;2.63;284.58;300.32
320;1.91;2.30;292.20;304.00
321;1.68;1.97;290.45;300.12
322;1.45;1.67;288.70;309.59
323;1.20;1.37;289.81;314.05
324;0.92;1.18;301.70;316.66
325;0.84;1.04;303.36;319.28
326;0.79;0.96;294.66;309.53
327;0.78;1.04;285.95;294.23
328;0.78;1.11;221.35;286.57
329;0.78;1.31;200.71;263.89
330;0.70;1.57;177.40;232.30
331;0.61;1.73;162.37;199.12
332;0.58;1.69;142.24;194.52
333;0.59;1.66;136.16;189.00
334;0.59;1.61;131.19;183.85
335;0.59;1.21;123.24;187.51
336;0.50;1.21;120.57;198.32
337;0.56;1.57;118.61;169.64
338;0.63;1.38;117.09;185.77
339;0.66;1.49;115.56;196.80
340;0.63;1.61;114.02;179.84
341;0.60;1.76;112.48;175.57
342;0.57;2.04;108.92;160.39
343;0.57;2.06;104.30;151.57
344;0.58;1.96;107.63;156.00
345;0.59;1.96;108.89;155.20
346;0.60;1.95;110.14;154.41
347;0.60;1.86;109.18;151.33
348;0.60;1.65;106.59;147.01
349;0.60;1.61;102.68;140.25
350;0.59;1.65;95.99;134.38
351;0.58;1.69;91.91;131.50
352;0.57;1.74;88.49;123.70
353;0.56;1.82;84.20;112.92
354;0.51;1.89;81.05;103.84
355;0.41;2.04;92.03;114.17
356;0.31;1.90;97.56;116.62
357;0.20;1.78;100.29;119.07
358;0.10;1.79;100.18;128.01
359;0.18;1.79;100.07;124.91
360;0.27;1.80;95.59;124.00
361;0.34;1.78;92.11;123.09
362;0.41;1.77;83.94;119.80
363;0.48;1.76;78.51;114.18
364;0.48;1.84;89.08;105.65
365;0.48;1.93;83.91;100.84