LAT	LON	YEAR	DOY	ALLSKY_SFC_SW_DWN	RH2M	PS	T2M	WS10M
57.01101	-111.62049	2015	1	1.19	82.62	96.47	-20.41	1.63
57.01101	-111.62049	2015	2	1.64	78.89	96.93	-27.03	1.52
57.01101	-111.62049	2015	3	1.54	75.56	97.96	-31.45	2.03
57.01101	-111.62049	2015	4	1.4	82.08	97.36	-26.53	2.69
57.01101	-111.62049	2015	5	1.05	80.91	97.07	-24.76	2.18
57.01101	-111.62049	2015	6	1.67	78.75	98.77	-30.97	2.06
57.01101	-111.62049	2015	7	0.53	86.75	97.65	-24.91	2.02
57.01101	-111.62049	2015	8	1.81	80.67	98.22	-26.36	2.86
57.01101	-111.62049	2015	9	2	83.52	96.9	-30.45	2.15
57.01101	-111.62049	2015	10	2.06	80.54	96.73	-29.12	2.14
57.01101	-111.62049	2015	11	1.65	81.38	97.02	-27.51	2.2
57.01101	-111.62049	2015	12	1.27	84.81	96.61	-19.98	1.63
57.01101	-111.62049	2015	13	1.02	86.51	96.35	-16.61	1.63
57.01101	-111.62049	2015	14	1.02	95.29	95.88	-11.42	2.13
57.01101	-111.62049	2015	15	0.71	83.28	96.23	-19.4	1.82
57.01101	-111.62049	2015	16	0.99	98.71	94.1	-8	2.95
57.01101	-111.62049	2015	17	1.73	96.39	94.86	-6.38	1.84
57.01101	-111.62049	2015	18	2.49	91.73	94.66	-9.38	1.88
57.01101	-111.62049	2015	19	1.94	88.14	95.74	-11.97	1.16
57.01101	-111.62049	2015	20	2.26	84.67	96.83	-15.7	1.36
57.01101	-111.62049	2015	21	1.06	100	95.31	-7.15	2.77
57.01101	-111.62049	2015	22	1.4	99.38	94.84	-0.45	2.44
57.01101	-111.62049	2015	23	1.5	98	95.47	-5.51	1.08
57.01101	-111.62049	2015	24	1.96	98.71	95.28	-2.55	1.92
57.01101	-111.62049	2015	25	1.71	99.29	94.78	-1.36	2.48
57.01101	-111.62049	2015	26	2.86	97.75	95.59	-6.7	1.81
57.01101	-111.62049	2015	27	2.9	83.03	96.57	-21.53	1.72
57.01101	-111.62049	2015	28	2.44	81.1	97.32	-23.62	1.6
57.01101	-111.62049	2015	29	1.97	88.53	97.33	-21.84	1.41
57.01101	-111.62049	2015	30	3.66	83.76	97.98	-25.24	1.95
57.01101	-111.62049	2015	31	3.77	82.23	98.16	-27.84	1.6
57.01101	-111.62049	2015	32	3.77	84.24	97.02	-21.73	1.84
57.01101	-111.62049	2015	33	3.8	81.79	96.54	-24.02	2.1
57.01101	-111.62049	2015	34	4.45	79.38	96.76	-25.69	1.93
57.01101	-111.62049	2015	35	4.29	83.59	95.76	-21.25	2.68
57.01101	-111.62049	2015	36	4.23	80.49	96.67	-25.93	1.73
57.01101	-111.62049	2015	37	1.7	79.11	96.17	-24.79	2.42
57.01101	-111.62049	2015	38	1.98	79.38	95.34	-23.91	2.03
57.01101	-111.62049	2015	39	5.09	79.64	96.91	-27.09	1.35
57.01101	-111.62049	2015	40	4.02	83.12	96.98	-25.69	1.33
57.01101	-111.62049	2015	41	4.73	80.24	97.76	-26.43	2.02
57.01101	-111.62049	2015	42	4.56	93.09	97.9	-29.4	2.55
57.01101	-111.62049	2015	43	3.21	87.34	96.42	-17.76	1.54
57.01101	-111.62049	2015	44	5.36	83.23	97.53	-21.43	2.35
57.01101	-111.62049	2015	45	2.46	91.26	96.44	-14.6	3.08
57.01101	-111.62049	2015	46	4.54	86.73	97.16	-17.03	2.02
57.01101	-111.62049	2015	47	6.4	83.13	98.05	-22.24	1.95
57.01101	-111.62049	2015	48	5.21	85.76	97.31	-22.01	1.5
57.01101	-111.62049	2015	49	5.5	91.21	96.36	-14.1	1.45
57.01101	-111.62049	2015	50	4.34	94.32	95.69	-8.81	1.57
57.01101	-111.62049	2015	51	6.78	88.24	97.08	-18.26	2.21
57.01101	-111.62049	2015	52	7.57	83.99	98.19	-25.09	1.73
57.01101	-111.62049	2015	53	7.7	100	96.71	-14.13	2.73
57.01101	-111.62049	2015	54	3.68	95.77	96.38	-6.42	2.93
57.01101	-111.62049	2015	55	4.61	88.15	96.81	-15.15	2.42
57.01101	-111.62049	2015	56	8.38	85.75	98.34	-24.11	1.67
57.01101	-111.62049	2015	57	7.45	90.05	97.51	-21.69	2.14
57.01101	-111.62049	2015	58	6.92	90.66	96.93	-17.16	2.08
57.01101	-111.62049	2015	59	5.51	93.48	96.64	-10.26	2.45
57.01101	-111.62049	2015	60	9.74	97.81	96.21	-9.73	2.62
57.01101	-111.62049	2015	61	7.9	89.38	96.83	-16.88	4.42
57.01101	-111.62049	2015	62	10.52	81.01	97.16	-24.26	2.21
57.01101	-111.62049	2015	63	10.73	100	96.25	-19.55	2.21
57.01101	-111.62049	2015	64	10.65	100	95.7	-8.95	2.12
57.01101	-111.62049	2015	65	10.91	96.06	96.1	-6.23	2.02
57.01101	-111.62049	2015	66	11.15	97.82	96.09	-3.51	2.3
57.01101	-111.62049	2015	67	8.31	100	95.22	-3.02	2.13
57.01101	-111.62049	2015	68	7.77	99.5	94.83	-1.12	2.21
57.01101	-111.62049	2015	69	12.21	91.46	96.41	-11.61	1.8
57.01101	-111.62049	2015	70	6.97	91.77	96.5	-10.97	2
57.01101	-111.62049	2015	71	4.3	95.56	96.12	-8.82	1.5
57.01101	-111.62049	2015	72	12.54	99.52	96.03	-0.84	2.64
57.01101	-111.62049	2015	73	11.05	99.51	93.99	-0.08	1.87
57.01101	-111.62049	2015	74	13.28	92.37	95.88	-12.19	2.91
57.01101	-111.62049	2015	75	13.44	92.04	97.46	-14.3	1.27
57.01101	-111.62049	2015	76	13.9	100	97.08	-7.93	1.2
57.01101	-111.62049	2015	77	13.8	98.56	96.28	-7.09	1.56
57.01101	-111.62049	2015	78	14.64	89.94	96.67	-14.51	1.71
57.01101	-111.62049	2015	79	15.06	90.73	97.22	-18.56	1.35
57.01101	-111.62049	2015	80	15.1	91.16	97.15	-15.35	1.45
57.01101	-111.62049	2015	81	12.71	92.91	96.83	-10.54	1.23
57.01101	-111.62049	2015	82	6.28	97.55	96.3	-7.73	1.38
57.01101	-111.62049	2015	83	7.67	95.58	96.44	-7.18	1.19
57.01101	-111.62049	2015	84	15.97	95.84	96.71	-6.32	1.59
57.01101	-111.62049	2015	85	15.47	100	96.25	-4.51	1.1
57.01101	-111.62049	2015	86	11.93	99.13	95.59	-0.28	1.61
57.01101	-111.62049	2015	87	16.59	96.92	95.21	0.21	2.32
57.01101	-111.62049	2015	88	12.79	97.6	95.5	-1.41	1.44
57.01101	-111.62049	2015	89	17.18	89.17	95.63	0.54	1.32
57.01101	-111.62049	2015	90	7.33	94.94	95.04	0.12	2.27
57.01101	-111.62049	2015	91	14.14	93.95	95.76	-4.94	3.64
57.01101	-111.62049	2015	92	14.87	87.18	96.84	-8.22	1.63
57.01101	-111.62049	2015	93	16.47	87.3	97.03	-11.14	1.5
57.01101	-111.62049	2015	94	16.73	88.01	96.98	-9.43	1.29
57.01101	-111.62049	2015	95	17	85.16	96.91	-11.67	1.58
57.01101	-111.62049	2015	96	16.65	100	96.43	-6.32	1.95
57.01101	-111.62049	2015	97	18.1	87.99	95.9	-1.03	2.43
57.01101	-111.62049	2015	98	17.09	85.76	95.8	0.7	1.81
57.01101	-111.62049	2015	99	18.59	81.4	95.69	4.21	2.5
57.01101	-111.62049	2015	100	19.3	74.17	94.87	6.78	1.99
57.01101	-111.62049	2015	101	15.2	72.03	93.79	6.3	2.51
57.01101	-111.62049	2015	102	15.55	61.71	94.29	3.3	3.9
57.01101	-111.62049	2015	103	16.22	60.27	95.37	3.07	3.32
57.01101	-111.62049	2015	104	11.99	77.81	95.76	2.44	2.06
57.01101	-111.62049	2015	105	16.98	69.47	95.96	4.87	2.51
57.01101	-111.62049	2015	106	16.87	69.37	96.07	5.67	2.87
57.01101	-111.62049	2015	107	14.6	81.02	96.31	3.26	1.75
57.01101	-111.62049	2015	108	19.48	76.65	96.68	4.28	2.59
57.01101	-111.62049	2015	109	16.49	63.57	96.7	4.99	1.7
57.01101	-111.62049	2015	110	21.6	64.2	95.96	5.97	1.69
57.01101	-111.62049	2015	111	22.72	67.79	96.04	5.61	1.67
57.01101	-111.62049	2015	112	22.76	74.8	95.96	5.65	2.57
57.01101	-111.62049	2015	113	22.34	64.81	95.74	4.23	3.08
57.01101	-111.62049	2015	114	24.07	53.09	96.3	-1.97	2.93
57.01101	-111.62049	2015	115	24.05	57.38	96.74	-0.65	1.48
57.01101	-111.62049	2015	116	23.93	58.29	96.76	2.81	1.39
57.01101	-111.62049	2015	117	20.56	68.89	96.31	6.46	2.36
57.01101	-111.62049	2015	118	16.3	68.99	95.78	12.53	2.24
57.01101	-111.62049	2015	119	10.47	63.36	95.36	9.71	2.2
57.01101	-111.62049	2015	120	14.66	62.38	95.21	6.89	2.77
57.01101	-111.62049	2015	121	16.47	70.07	95.18	6.29	2.36
57.01101	-111.62049	2015	122	16.68	73.45	95.63	4.76	2.39
57.01101	-111.62049	2015	123	11.1	62.89	96.5	1.47	1.98
57.01101	-111.62049	2015	124	20.53	58.08	96.8	2.56	1.3
57.01101	-111.62049	2015	125	6.87	82.71	96.66	-0.19	2.87
57.01101	-111.62049	2015	126	12.22	88.33	96.72	-0.49	2.24
57.01101	-111.62049	2015	127	21.65	61.16	96.79	2.7	0.95
57.01101	-111.62049	2015	128	17.24	78.54	96.92	2.97	1.24
57.01101	-111.62049	2015	129	25.33	57.87	97.14	5.53	0.91
57.01101	-111.62049	2015	130	26.26	65.9	97.31	6.66	1.69
57.01101	-111.62049	2015	131	26.19	57.18	96.83	10.36	1.28
57.01101	-111.62049	2015	132	26.05	53.17	96.58	12.65	1.34
57.01101	-111.62049	2015	133	26.7	59.72	96.56	11.73	1.84
57.01101	-111.62049	2015	134	26.99	57.13	96.33	12.23	2.01
57.01101	-111.62049	2015	135	26.63	59.73	95.91	12.91	2.38
57.01101	-111.62049	2015	136	27.99	55.65	97.38	2.57	3.15
57.01101	-111.62049	2015	137	25.91	53.78	97.81	4.55	1.58
57.01101	-111.62049	2015	138	27.92	52.77	97.46	9.42	1.75
57.01101	-111.62049	2015	139	27.92	45.43	97.17	13.72	1.48
57.01101	-111.62049	2015	140	27.89	45.09	96.79	15.8	1.69
57.01101	-111.62049	2015	141	28.16	39.88	96.38	17.43	1.57
57.01101	-111.62049	2015	142	27.45	48.55	96.4	17.3	2.12
57.01101	-111.62049	2015	143	28.05	55.13	96.85	16.83	1.26
57.01101	-111.62049	2015	144	27.05	51	96.21	18.14	1.06
57.01101	-111.62049	2015	145	17.9	52.96	95.72	18.92	2.07
57.01101	-111.62049	2015	146	28.31	54.49	96.37	13.03	1.53
57.01101	-111.62049	2015	147	11.41	72.37	96.47	9.18	2.09
57.01101	-111.62049	2015	148	29.3	51.66	97.54	5.93	2.21
57.01101	-111.62049	2015	149	29.61	48.72	97.47	7.58	1.24
57.01101	-111.62049	2015	150	29.22	55.08	96.62	11.43	1.68
57.01101	-111.62049	2015	151	8.51	80.73	95.66	10	1.99
57.01101	-111.62049	2015	152	15.04	66.13	95.98	8.07	2.74
57.01101	-111.62049	2015	153	29.27	51.23	96.42	9.45	1.24
57.01101	-111.62049	2015	154	27.7	69.06	96.24	13.8	1.81
57.01101	-111.62049	2015	155	28.15	55.98	96.41	18.11	2.21
57.01101	-111.62049	2015	156	26.38	69.07	96.03	17.7	2.24
57.01101	-111.62049	2015	157	21.18	59.34	95.45	18.7	2.12
57.01101	-111.62049	2015	158	27.32	49.27	95.57	17.7	2.14
57.01101	-111.62049	2015	159	16	64.36	95.34	16.66	2.42
57.01101	-111.62049	2015	160	14.46	66.07	95.98	13.91	1.8
57.01101	-111.62049	2015	161	26.59	52.93	96.04	15.71	0.86
57.01101	-111.62049	2015	162	16.47	74.89	95.33	15.24	2.06
57.01101	-111.62049	2015	163	18.86	67.33	95.26	15.23	1.19
57.01101	-111.62049	2015	164	23.77	65.24	96.03	12.73	2.9
57.01101	-111.62049	2015	165	29.11	58.44	96.84	12.7	2.18
57.01101	-111.62049	2015	166	17.68	69.18	96.66	12.47	1.3
57.01101	-111.62049	2015	167	18.66	67.44	96.33	10.01	1.71
57.01101	-111.62049	2015	168	26.52	52.02	96.71	10.59	1.51
57.01101	-111.62049	2015	169	17	56.7	96.13	13.25	1.86
57.01101	-111.62049	2015	170	29.91	55.17	96.01	13.73	1.82
57.01101	-111.62049	2015	171	29.14	46.08	95.87	16	0.79
57.01101	-111.62049	2015	172	27.59	62.04	95.8	15.09	1.29
57.01101	-111.62049	2015	173	18.38	64.3	95.94	15.71	1.25
57.01101	-111.62049	2015	174	21.09	51.38	96.08	18.68	1.35
57.01101	-111.62049	2015	175	23.45	47.24	95.94	20.71	1.61
57.01101	-111.62049	2015	176	24.85	54.46	96.14	21.13	1.19
57.01101	-111.62049	2015	177	23.93	64.84	95.95	19.97	1.98
57.01101	-111.62049	2015	178	25.63	51.62	96.07	21.69	1.68
57.01101	-111.62049	2015	179	27.3	52	96.14	19.95	2.22
57.01101	-111.62049	2015	180	26.49	45.73	96.3	20.59	1.2
57.01101	-111.62049	2015	181	20.69	56.98	96.03	22.11	1.43
57.01101	-111.62049	2015	182	9.79	74.06	96.16	19.75	1.49
57.01101	-111.62049	2015	183	22.31	49.66	96.02	22.28	1.74
57.01101	-111.62049	2015	184	24.21	50.88	95.36	20.39	2.73
57.01101	-111.62049	2015	185	9.71	68.7	95.94	13.18	2.04
57.01101	-111.62049	2015	186	28.36	53.85	96.68	16.08	1.29
57.01101	-111.62049	2015	187	18.23	52.11	96.45	15.61	2.27
57.01101	-111.62049	2015	188	16.55	58.4	96.44	12.46	1.64
57.01101	-111.62049	2015	189	8.27	70.81	95.12	15.79	2
57.01101	-111.62049	2015	190	5.59	66.63	95.25	16.88	1.44
57.01101	-111.62049	2015	191	26.07	62.13	95.9	15.55	1.04
57.01101	-111.62049	2015	192	20.29	73.88	95.72	17.76	1.47
57.01101	-111.62049	2015	193	15.37	74.54	95.51	20.24	1.18
57.01101	-111.62049	2015	194	20	76.7	95.65	20.32	1.39
57.01101	-111.62049	2015	195	16.22	61.53	95.49	20.12	1.6
57.01101	-111.62049	2015	196	19.55	57.03	95.39	19.12	1.8
57.01101	-111.62049	2015	197	20.45	75.05	95.42	15.99	1.34
57.01101	-111.62049	2015	198	20.3	68.4	95.8	17.84	2.18
57.01101	-111.62049	2015	199	6.32	67.4	95.17	17.52	2.13
57.01101	-111.62049	2015	200	15.4	75.66	95.7	16.41	2.34
57.01101	-111.62049	2015	201	18.48	62.72	96.12	17.08	1.04
57.01101	-111.62049	2015	202	5.42	73.97	95.35	15.79	1.72
57.01101	-111.62049	2015	203	21.03	60.47	95.1	16.87	1.58
57.01101	-111.62049	2015	204	16.31	79.18	95.39	14.48	1.29
57.01101	-111.62049	2015	205	24.44	59.91	95.55	17.26	1.38
57.01101	-111.62049	2015	206	17.74	63.87	95.43	17.95	1.52
57.01101	-111.62049	2015	207	14.52	56.7	95.48	17.37	1.47
57.01101	-111.62049	2015	208	13.84	54.89	95.72	17.4	1.77
57.01101	-111.62049	2015	209	22.14	50.46	95.72	19.84	1.23
57.01101	-111.62049	2015	210	17.66	66.73	95.92	17.7	1.77
57.01101	-111.62049	2015	211	18.87	57.63	96.35	17.1	2.01
57.01101	-111.62049	2015	212	17.23	61.64	96.32	16.86	1.37
57.01101	-111.62049	2015	213	18.62	65.19	96.16	16.89	1.17
57.01101	-111.62049	2015	214	21.71	57.06	96.27	18.66	0.82
57.01101	-111.62049	2015	215	22.67	59.56	96.13	19.08	1.86
57.01101	-111.62049	2015	216	9.49	65.82	96.25	17.14	1.75
57.01101	-111.62049	2015	217	17.44	70.15	96.22	16.6	1.88
57.01101	-111.62049	2015	218	8.62	81.49	95.93	15	1.62
57.01101	-111.62049	2015	219	13.81	73.2	95.71	16.57	0.95
57.01101	-111.62049	2015	220	16.54	61.09	95.82	18.78	0.92
57.01101	-111.62049	2015	221	22.11	52.9	96.13	21.2	0.81
57.01101	-111.62049	2015	222	22.03	58.74	95.93	20.68	1.99
57.01101	-111.62049	2015	223	21.03	48.4	95.68	20.45	2.69
57.01101	-111.62049	2015	224	21.12	51.03	95.69	20.07	2.04
57.01101	-111.62049	2015	225	9.04	63.74	95.77	19.63	1.76
57.01101	-111.62049	2015	226	16.24	60	96.07	16.05	2.74
57.01101	-111.62049	2015	227	13.9	74.3	96.56	12.4	2.07
57.01101	-111.62049	2015	228	15.32	60.47	96.66	13.62	1.46
57.01101	-111.62049	2015	229	20.65	48.15	96.19	15.33	1.57
57.01101	-111.62049	2015	230	16.98	60.7	96.2	15.92	1.39
57.01101	-111.62049	2015	231	16.82	60.37	94.97	16.68	3
57.01101	-111.62049	2015	232	6.47	72.49	95.11	11.69	2.83
57.01101	-111.62049	2015	233	8.28	65.95	95.65	10.09	2.52
57.01101	-111.62049	2015	234	9.47	58.81	96.34	10.24	2.04
57.01101	-111.62049	2015	235	17.36	46.77	96.14	13.99	2.1
57.01101	-111.62049	2015	236	19.59	56.81	96.11	16.13	1.71
57.01101	-111.62049	2015	237	11.91	56.73	96.51	14.71	1.27
57.01101	-111.62049	2015	238	13.96	64.07	96.7	13.99	1.07
57.01101	-111.62049	2015	239	17.77	53.69	95.59	16.24	2.13
57.01101	-111.62049	2015	240	15.6	47.94	95.14	18.1	1.97
57.01101	-111.62049	2015	241	17.42	64.1	95.11	17.58	1.36
57.01101	-111.62049	2015	242	17.87	57.66	94.39	17.9	2.09
57.01101	-111.62049	2015	243	18.28	48.25	94.59	15.22	2.72
57.01101	-111.62049	2015	244	2.05	76.37	95	8.39	1.65
57.01101	-111.62049	2015	245	6.28	72.5	95.64	9.3	1.88
57.01101	-111.62049	2015	246	5.72	90.34	95.98	7.24	2.16
57.01101	-111.62049	2015	247	7.39	73.61	96.74	8.87	1.28
57.01101	-111.62049	2015	248	11.07	68.01	96.79	9.2	1.45
57.01101	-111.62049	2015	249	11.74	73.31	96.36	7.28	1.39
57.01101	-111.62049	2015	250	6.43	67.64	96.04	8.1	1.55
57.01101	-111.62049	2015	251	12.97	68.35	96.1	8.66	0.93
57.01101	-111.62049	2015	252	12.94	68.35	96.18	10.46	1.4
57.01101	-111.62049	2015	253	15.02	70.65	96.34	11.71	1.77
57.01101	-111.62049	2015	254	10.22	74.6	95.73	14.92	1.93
57.01101	-111.62049	2015	255	6.53	68.64	95.33	14.04	2.11
57.01101	-111.62049	2015	256	10.68	75.2	95.42	9.37	1.11
57.01101	-111.62049	2015	257	9.19	83.45	95.78	5.82	1.38
57.01101	-111.62049	2015	258	13.26	72.36	95.89	6.25	1.22
57.01101	-111.62049	2015	259	13.02	65.18	95.83	6.55	1.21
57.01101	-111.62049	2015	260	14.45	66.42	95.53	6.69	1.65
57.01101	-111.62049	2015	261	14.32	65.06	95.13	9.39	1.98
57.01101	-111.62049	2015	262	11.25	68.3	94.43	11.97	2.83
57.01101	-111.62049	2015	263	11.68	59.83	94.68	7.96	2.37
57.01101	-111.62049	2015	264	9.45	72.58	95.69	3.91	2.3
57.01101	-111.62049	2015	265	13.58	64.32	96.71	2.89	1.37
57.01101	-111.62049	2015	266	7.94	72.03	96.63	4.91	1.89
57.01101	-111.62049	2015	267	12.55	80.44	96.24	7.98	1.45
57.01101	-111.62049	2015	268	6.18	71.88	95.58	8.92	2.03
57.01101	-111.62049	2015	269	11.64	54.56	95.19	7.6	2.75
57.01101	-111.62049	2015	270	5.84	59.15	95.54	3.02	3.45
57.01101	-111.62049	2015	271	10.27	57.79	96.29	1.83	1.61
57.01101	-111.62049	2015	272	8.39	87.59	95.65	6.31	1.6
57.01101	-111.62049	2015	273	11.29	79.24	95.75	11.36	2.11
57.01101	-111.62049	2015	274	11.3	67.07	96.36	14.26	1.31
57.01101	-111.62049	2015	275	1.99	90.34	96.63	6.49	2.26
57.01101	-111.62049	2015	276	7.22	73.43	97.75	1.1	2.06
57.01101	-111.62049	2015	277	8.89	68.15	96.93	0.81	1.31
57.01101	-111.62049	2015	278	7.38	73.64	96.32	0.72	2.14
57.01101	-111.62049	2015	279	10.52	76.05	96.63	1.01	1.35
57.01101	-111.62049	2015	280	10.46	68.26	96.19	3.81	1.34
57.01101	-111.62049	2015	281	8.45	74.48	96.48	4.11	1.1
57.01101	-111.62049	2015	282	6.37	99.46	95.03	5.54	1.01
57.01101	-111.62049	2015	283	6.03	69.74	93.82	12.23	2.99
57.01101	-111.62049	2015	284	3.98	80.46	94.94	1.97	2.38
57.01101	-111.62049	2015	285	6.51	79.56	95.18	3.75	2.19
57.01101	-111.62049	2015	286	8.66	60	95.25	7.35	3.05
57.01101	-111.62049	2015	287	5.78	74.22	96.19	4.06	2.36
57.01101	-111.62049	2015	288	6.79	78.5	97.4	2.77	1.2
57.01101	-111.62049	2015	289	8.22	77.9	97	3.31	1.69
57.01101	-111.62049	2015	290	6.33	71.92	95.53	6.94	2.28
57.01101	-111.62049	2015	291	7.47	76.28	95.2	9.42	2.52
57.01101	-111.62049	2015	292	3.5	87.09	95.77	5.05	1.62
57.01101	-111.62049	2015	293	3.6	85.95	95.85	4.47	2.52
57.01101	-111.62049	2015	294	3.88	92.2	96.02	2.22	1.47
57.01101	-111.62049	2015	295	6.97	83.37	95.65	4.6	2.06
57.01101	-111.62049	2015	296	4.67	93.73	96.1	1.53	1.25
57.01101	-111.62049	2015	297	2.58	91.79	96.72	-1.03	0.55
57.01101	-111.62049	2015	298	3.25	90.9	97.02	-1.48	1.06
57.01101	-111.62049	2015	299	2.91	92.79	96.15	0.34	1.88
57.01101	-111.62049	2015	300	1.7	78.35	96.14	-1.69	3.31
57.01101	-111.62049	2015	301	3.91	83.63	96.1	-2.43	1.63
57.01101	-111.62049	2015	302	4.12	91.24	94.71	-0.14	1.95
57.01101	-111.62049	2015	303	2.24	99.83	93.9	0.68	1.39
57.01101	-111.62049	2015	304	1.61	93.48	94.74	-0.98	1.48
57.01101	-111.62049	2015	305	2.42	83.13	95.56	-3.1	1.46
57.01101	-111.62049	2015	306	2.39	83.83	95.94	-3.56	1.21
57.01101	-111.62049	2015	307	1.64	89.53	96.07	-2.2	1.02
57.01101	-111.62049	2015	308	2.39	96.28	95.66	-3.41	1.76
57.01101	-111.62049	2015	309	2.03	79.02	96.02	-5.42	2
57.01101	-111.62049	2015	310	1.51	85.56	95.85	-4.57	2.07
57.01101	-111.62049	2015	311	3.35	99.14	94.86	0.05	2.28
57.01101	-111.62049	2015	312	1.57	87.07	95.84	-3.91	1.55
57.01101	-111.62049	2015	313	1.62	81.99	96.39	-6.86	1.47
57.01101	-111.62049	2015	314	3.91	88.65	95.19	-2.77	2.78
57.01101	-111.62049	2015	315	2.84	90.13	94.71	-1.43	2.58
57.01101	-111.62049	2015	316	3.75	87.1	95.16	-3.75	2.46
57.01101	-111.62049	2015	317	3.55	94.76	93.91	-0.46	2.69
57.01101	-111.62049	2015	318	3.47	93.89	95.01	-3.35	1.83
57.01101	-111.62049	2015	319	0.9	92.39	95.28	-4.19	1.56
57.01101	-111.62049	2015	320	0.87	89.72	94.79	-6.11	2.38
57.01101	-111.62049	2015	321	1.74	88.96	93.69	-4.82	2.41
57.01101	-111.62049	2015	322	1.28	78.98	95.38	-11.14	3.08
57.01101	-111.62049	2015	323	1.8	81.05	96.27	-12.34	1.36
57.01101	-111.62049	2015	324	1.62	75.98	96.7	-13.05	2.16
57.01101	-111.62049	2015	325	1.72	98.26	95.04	-5.78	2.31
57.01101	-111.62049	2015	326	1.12	98.05	95.11	-2.1	2.27
57.01101	-111.62049	2015	327	1.33	85.53	96.41	-9.65	1.47
57.01101	-111.62049	2015	328	1.55	77.61	97.24	-14.84	2
57.01101	-111.62049	2015	329	2.25	84.04	96.97	-17.09	2.22
57.01101	-111.62049	2015	330	1.82	90.46	96.67	-11.6	2.55
57.01101	-111.62049	2015	331	1.88	93.91	96.34	-7.44	2.18
57.01101	-111.62049	2015	332	1.19	87.62	96.4	-10.37	2.18
57.01101	-111.62049	2015	333	1.6	91.56	96.1	-7.53	1.98
57.01101	-111.62049	2015	334	1.96	88.49	95.49	-10.11	2.46
57.01101	-111.62049	2015	335	1.19	84.73	95.6	-9.78	1.74
57.01101	-111.62049	2015	336	0.3	96.67	94.8	-3.63	2.65
57.01101	-111.62049	2015	337	0.76	96.28	94.82	-5.28	1.45
57.01101	-111.62049	2015	338	0.44	91.2	94.4	-7.98	1.77
57.01101	-111.62049	2015	339	1.71	82.66	95.64	-13.21	2.47
57.01101	-111.62049	2015	340	1.03	89.3	95.35	-11.16	1.64
57.01101	-111.62049	2015	341	1.36	95.61	94.4	-5.96	1.71
57.01101	-111.62049	2015	342	1.01	87.01	94.59	-10.3	1.64
57.01101	-111.62049	2015	343	0.48	92.26	94.26	-9.85	1.72
57.01101	-111.62049	2015	344	0.77	89.16	95.03	-14.33	1.21
57.01101	-111.62049	2015	345	0.45	90.83	95.63	-11.04	1.71
57.01101	-111.62049	2015	346	0.5	90.61	95.69	-10.55	1.95
57.01101	-111.62049	2015	347	0.74	89.82	95.35	-11.52	1.41
57.01101	-111.62049	2015	348	0.8	87.75	95.98	-11.69	1.58
57.01101	-111.62049	2015	349	1.31	89.99	95.47	-13.27	2.15
57.01101	-111.62049	2015	350	1.45	83.36	96.03	-18.92	2.09
57.01101	-111.62049	2015	351	0.95	80.77	96.36	-21.03	1.95
57.01101	-111.62049	2015	352	1.22	77.49	96.42	-24.94	1.44
57.01101	-111.62049	2015	353	1.31	85.69	95.74	-24.71	1.77
57.01101	-111.62049	2015	354	1.33	84.59	94.7	-18.1	1.9
57.01101	-111.62049	2015	355	1.19	87.33	94.26	-15.81	1.6
57.01101	-111.62049	2015	356	0.8	81.69	94.63	-21.38	1.09
57.01101	-111.62049	2015	357	1.1	78.72	95.14	-23.52	1.31
57.01101	-111.62049	2015	358	0.96	77.07	96.03	-28.06	1.79
57.01101	-111.62049	2015	359	1.06	79.82	96.91	-23.3	1.5
57.01101	-111.62049	2015	360	1.43	77.8	97.64	-25.86	1.39
57.01101	-111.62049	2015	361	0.78	82.38	96.63	-21.53	1.77
57.01101	-111.62049	2015	362	1.19	80.89	96.74	-23.3	1.5
57.01101	-111.62049	2015	363	1.3	85	96.24	-18.56	2.68
57.01101	-111.62049	2015	364	1.4	90.55	96.42	-13.7	2.42
57.01101	-111.62049	2015	365	1.38	92.82	96.08	-10.23	2.92
